训练集:

    vector(第一项是截距项)        label
    ------------------------------------------
    [1, 1, 4]                     1
    [1, 2, 3]                     1
    [1, -2, 3]                    1
    [1, -2, 2]                    0
    [1, 0, 1]                     0
    [1, 1, 2]                     0

测试集:

    vector(第一项是截距项)        label
    ------------------------------------------
    [1, 1, 1]                     ?
    [1, 2, 0]                     ?
    [1, 2, 4]                     ?
    [1, 1, 3]                     ?